         Charges:
Charge:      	97.2, 	91.6, 	83.4, 	72.5, 	58.3, 	41.7, 	27.8, 	16.7, 	8.3, 	2.8
Swiftstride: 	99.5, 	98.1, 	94.9, 	89.3, 	80.5, 	68.0, 	52.3, 	35.5, 	19.9, 	7.5
----------------------------------------------------------------------------
         Leadership Tests:
2d6:                       	2.8, 	8.4, 	16.6, 	27.8, 	41.7, 	58.3, 	72.2, 	83.3, 	91.7
2d6 + reroll:              	5.5, 	15.9, 	30.5, 	47.9, 	66.0, 	82.5, 	92.3, 	97.3, 	99.3
d26 + Cold Blood:          	7.4, 	19.8, 	35.7, 	52.2, 	68.0, 	80.7, 	89.3, 	94.9, 	98.2
d26 + Cold Blood + reroll: 	14.1, 	35.8, 	58.6, 	77.4, 	89.8, 	96.2, 	98.8, 	99.7, 	100.0
----------------------------------------------------------------------------
         Chance to Pass and dispel:
1d6:	66.8, 	49.9, 	33.4, 	16.6, 	0.0, 	0.0, 	0.0, 	0.0, 	0.0, 	0.0, 	0.0, 	0.0, 	0.0, 	0.0, 	0.0, 	0.0, 	0.0
2d6:	97.3, 	91.6, 	83.2, 	72.3, 	58.3, 	41.5, 	27.7, 	16.6, 	8.3, 	2.8, 	2.8, 	2.3, 	1.8, 	1.4, 	0.9, 	0.5, 	0.0
3d6:	100.0, 	99.5, 	98.1, 	95.4, 	90.7, 	83.9, 	74.1, 	62.4, 	50.0, 	37.6, 	26.0, 	17.6, 	11.7, 	8.1, 	6.0, 	5.0, 	4.0
4d6:	100.0, 	100.0, 	99.9, 	99.6, 	98.9, 	97.3, 	94.6, 	90.3, 	84.1, 	75.9, 	66.3, 	55.8, 	44.8, 	34.9, 	26.4, 	19.7, 	15.2
5d6:	100.0, 	100.0, 	100.0, 	100.0, 	99.9, 	99.7, 	99.3, 	98.4, 	96.7, 	94.3, 	90.2, 	84.7, 	77.9, 	69.5, 	60.5, 	51.3, 	42.3
